0000000000000000000000
0011000000000000000000
0111100000000000000000
0111110000000000000000
0111110000000000000000
0111111000000000000000
0111111111000000000000
0111111111000000000000
0111111111000000000000
0001111111111000000000
0000111111111000000000
0000011111111000000000
0000001111111110000000
0000000111111111022000
0000000011111112220000
0000000001111122233000
0000000000111222333300
0000000000012223333330
0000000000002200333333
0000000000000000033333
0000000000000000000000
0000000000000000000000

