00000000000000000000000000000000
00000000000000000000000000000000
00000000000000000000000000000000
00000000000000000000000000000000
00000000000000000000000200000000
00000000000000002000220000000200
00000000000000000002222200200000
00000000000000000022222220000000
00000000000000200222222222000000
00000000000000002222232222200000
00000000000000022222222222220000
00000000000000022222323222222000
00000000000000002222222232222200
00000000000000200222322222222000
00000000000000000022233332220000
00000000000000000022233332200000
00000000000000002002233332000000
00000000000000000002233330000000
00000000000000000000233330000000
00000000000000000000003333000000
00000000000000000000003333000000
00000000000000000000003333000000
00000000000000000000000333300000
00000000000000000000000333300000
00000000000000000000000333300000
00000000000000000000000333300000
00000000000000000000000333300000
00000000000000000000000333300000
00000000000000000000000033330000
00000000000000000000000033330000
00000000000000000000000033330000
00000000000000000000000033330000