00000000000000000000000
00000000000000000000000
00110000000000000000000
01111000000000000000000
11111100000000000000000
11111100000000000000000
11111110000000000000000
11111111100000000000000
01111111110000000000000
00111111111000000000000
00011111111110000000000
00001111111110000000000
00000111111111000000000
00000011111111100000000
00000001111111112200000
00000000111111122200000
00000000011111222300000
00000000001112223330000
00000000000122233333000
00000000000022003333300
00000000000000000333330
00000000000000000033333
00000000000000000003333